999999999
999999009
999999999
999999009
999999999
999999009
999999999
999999009
999999999
999999009
999999999
999999009
999999999
999999009
999999999
999999009
999999999
999999009
999999999
999999090
999999999
999999090
999999999
999999090
999999999
999999090
999999999
999999090
999999999
999999090
999999999
999999090
999999999
999999090
999999999
999999090
999999999
999999090
999999999
999999090
999999999
999999090
999999999
999999090
999999999
999999090
999999999
999999090
999999999
999999090
999999999
999999090
999999999
999999090
999999999
999999090
999999999
999999090
999999999
999999090
999999999
999999090
999999999
999999090
999999999
999999090
999999999
999999090
999999999
999999090
999999999
999999090
999999999
999999090
999999999
999999090
999999999
999999090
999999999
999999090
999999999
999999090
999999999
999999090
999999999
999999090
999999999
999999090
999999999
999999090
999999999
999999090
999999999
999999090
999999999
999999090
999999999
999999090
999999999
999999090
999999999
999999090
999999999
999999090
999999999
999999090
999999999
999999090
999999999
999999090
999999999
999999090
999999999
999999090
999999999
999999090
999999999
999999090
999999999
999999090
999999999
999999090
999999999
999999090
999999999
999999090
999999999
999999090
999999999
999999090
999999999
999999090
999999999
999999090
999999999
999999090
999999999
999999090
999999999
999999090
999999999
999999090
999999999
999999090
999999999
999999090
999999999
999999090
999999999
999999090
999999999
999999090
999999999
999999090
999999999
999999090
999999999
999999090
999999999
999999090
999999999
999999090
999999999
999999090
999999999
999999090
999999999
999999090
999999999
999999090
999999999
999999090
999999999
999999090
999999999
999999090
999999999
999999090
999999999
999999090
999999999
999999099
999999999
999999099
999999999
999999099
999999999
999999099
999999999
999999099
999999999
999999099
999999999
999999099
999999999
999999099
999999999
999999099
999999999
999999111
999999999
999999111
999999999
999999111
999999999
999999111
999999999
999999111
999999999
999999111
999999999
999999111
999999999
999999111
999999999
999999111
999999999
999999111
999999999
999999111
999999999
999999111
999999999
999999119
999999999
999999119
999999999
999999119
999999999
999999119
999999999
999999119
999999999
999999119
999999999
999999119
999999999
999999119
999999999
999999191
999999999
999999191
999999999
999999191
999999999
999999191
999999999
999999191
999999999
999999191
999999999
999999191
999999999
999999191
999999999
999999191
999999999
999999191
999999999
999999191
999999999
999999191
999999999
999999191
999999999
999999191
999999999
999999191
999999999
999999191
999999999
999999191
999999999
999999191
999999999
999999191
999999999
999999191
999999999
999999191
999999999
999999191
999999999
999999191
999999999
999999191
999999999
999999191
999999999
999999191
999999999
999999191
999999999
999999191
999999999
999999191
999999999
999999191
999999999
999999191
999999999
999999191
999999999
999999191
999999999
999999191
999999999
999999191
999999999
999999191
999999999
999999191
999999999
999999191
999999999
999999191
999999999
999999191
999999999
999999191
999999999
999999191
999999999
999999191
999999999
999999191
999999999
999999191
999999999
999999191
999999999
999999191
999999999
999999191
999999999
999999191
999999999
999999191
999999999
999999191
999999999
999999191
999999999
999999191
999999999
999999191
999999999
999999191
999999999
999999191
999999999
999999191
999999999
999999191
999999999
999999191
999999999
999999191
999999999
999999191
999999999
999999191
999999999
999999191
999999999
999999191
999999999
999999191
999999999
999999191
999999999
999999191
999999999
999999191
999999999
999999191
999999999
999999191
999999999
999999191
999999999
999999191
999999999
999999199
999999999
999999199
999999999
999999199
999999999
999999199
999999999
999999199
999999999
999999199
999999999
999999199
999999999
999999199
999999999
999999222
999999999
999999222
999999999
999999222
999999999
999999222
999999999
999999222
999999999
999999222
999999999
999999222
999999999
999999222
999999999
999999222
999999999
999999222
999999999
999999222
999999999
999999222
999999999
999999222
999999999
999999222
999999999
999999222
999999999
999999222
999999999
999999222
999999999
999999222
999999999
999999222
999999999
999999222
999999999
999999222
999999999
999999222
999999999
999999222
999999999
999999229
999999999
999999229
999999999
999999229
999999999
999999229
999999999
999999229
999999999
999999229
999999999
999999229
999999999
999999292
999999999
999999292
999999999
999999292
999999999
999999292
999999999
999999292
999999999
999999292
999999999
999999292
999999999
999999292
999999999
999999292
999999999
999999292
999999999
999999292
999999999
999999292
999999999
999999292
999999999
999999292
999999999
999999292
999999999
999999292
999999999
999999292
999999999
999999292
999999999
999999292
999999999
999999292
999999999
999999292
999999999
999999292
999999999
999999292
999999999
999999292
999999999
999999292
999999999
999999292
999999999
999999292
999999999
999999292
999999999
999999292
999999999
999999292
999999999
999999292
999999999
999999292
999999999
999999292
999999999
999999292
999999999
999999292
999999999
999999292
999999999
999999292
999999999
999999292
999999999
999999292
999999999
999999292
999999999
999999292
999999999
999999292
999999999
999999292
999999999
999999292
999999999
999999292
999999999
999999292
999999999
999999292
999999999
999999292
999999999
999999292
999999999
999999292
999999999
999999292
999999999
999999292
999999999
999999292
999999999
999999292
999999999
999999292
999999999
999999292
999999999
999999292
999999999
999999292
999999999
999999292
999999999
999999292
999999999
999999292
999999999
999999292
999999999
999999292
999999999
999999299
999999999
999999299
999999999
999999299
999999999
999999299
999999999
999999299
999999999
999999299
999999999
999999299
999999999
999999333
999999999
999999333
999999999
999999333
999999999
999999333
999999999
999999333
999999999
999999333
999999999
999999333
999999999
999999333
999999999
999999333
999999999
999999333
999999999
999999333
999999999
999999333
999999999
999999333
999999999
999999333
999999999
999999333
999999999
999999333
999999999
999999333
999999999
999999333
999999999
999999333
999999999
999999333
999999999
999999333
999999999
999999333
999999999
999999333
999999999
999999333
999999999
999999333
999999999
999999333
999999999
999999333
999999999
999999333
999999999
999999333
999999999
999999333
999999999
999999333
999999999
999999333
999999999
999999333
999999999
999999333
999999999
999999339
999999999
999999339
999999999
999999339
999999999
999999339
999999999
999999339
999999999
999999339
999999999
999999393
999999999
999999393
999999999
999999393
999999999
999999393
999999999
999999393
999999999
999999393
999999999
999999393
999999999
999999393
999999999
999999393
999999999
999999393
999999999
999999393
999999999
999999393
999999999
999999393
999999999
999999393
999999999
999999393
999999999
999999393
999999999
999999393
999999999
999999393
999999999
999999393
999999999
999999393
999999999
999999393
999999999
999999393
999999999
999999393
999999999
999999393
999999999
999999393
999999999
999999393
999999999
999999393
999999999
999999393
999999999
999999393
999999999
999999393
999999999
999999393
999999999
999999393
999999999
999999393
999999999
999999393
999999999
999999393
999999999
999999393
999999999
999999393
999999999
999999393
999999999
999999393
999999999
999999393
999999999
999999393
999999999
999999393
999999999
999999393
999999999
999999393
999999999
999999393
999999999
999999393
999999999
999999393
999999999
999999393
999999999
999999393
999999999
999999393
999999999
999999393
999999999
999999393
999999999
999999393
999999999
999999393
999999999
999999399
999999999
999999399
999999999
999999399
999999999
999999399
999999999
999999399
999999999
999999399
999999999
999999444
999999999
999999444
999999999
999999444
999999999
999999444
999999999
999999444
999999999
999999444
999999999
999999444
999999999
999999444
999999999
999999444
999999999
999999444
999999999
999999444
999999999
999999444
999999999
999999444
999999999
999999444
999999999
999999444
999999999
999999444
999999999
999999444
999999999
999999444
999999999
999999444
999999999
999999444
999999999
999999444
999999999
999999444
999999999
999999444
999999999
999999444
999999999
999999444
999999999
999999444
999999999
999999444
999999999
999999444
999999999
999999444
999999999
999999444
999999999
999999444
999999999
999999444
999999999
999999444
999999999
999999444
999999999
999999444
999999999
999999444
999999999
999999444
999999999
999999444
999999999
999999444
999999999
999999444
999999999
999999444
999999999
999999444
999999999
999999444
999999999
999999444
999999999
999999444
999999999
999999449
999999999
999999449
999999999
999999449
999999999
999999449
999999999
999999449
999999999
999999494
999999999
999999494
999999999
999999494
999999999
999999494
999999999
999999494
999999999
999999494
999999999
999999494
999999999
999999494
999999999
999999494
999999999
999999494
999999999
999999494
999999999
999999494
999999999
999999494
999999999
999999494
999999999
999999494
999999999
999999494
999999999
999999494
999999999
999999494
999999999
999999494
999999999
999999494
999999999
999999494
999999999
999999494
999999999
999999494
999999999
999999494
999999999
999999494
999999999
999999494
999999999
999999494
999999999
999999494
999999999
999999494
999999999
999999494
999999999
999999494
999999999
999999494
999999999
999999494
999999999
999999494
999999999
999999494
999999999
999999494
999999999
999999494
999999999
999999494
999999999
999999494
999999999
999999494
999999999
999999494
999999999
999999494
999999999
999999494
999999999
999999494
999999999
999999494
999999999
999999499
999999999
999999499
999999999
999999499
999999999
999999499
999999999
999999499
999999999
999999555
999999999
999999555
999999999
999999555
999999999
999999555
999999999
999999555
999999999
999999555
999999999
999999555
999999999
999999555
999999999
999999555
999999999
999999555
999999999
999999555
999999999
999999555
999999999
999999555
999999999
999999555
999999999
999999555
999999999
999999555
999999999
999999555
999999999
999999555
999999999
999999555
999999999
999999555
999999999
999999555
999999999
999999555
999999999
999999555
999999999
999999555
999999999
999999555
999999999
999999555
999999999
999999555
999999999
999999555
999999999
999999555
999999999
999999555
999999999
999999555
999999999
999999555
999999999
999999555
999999999
999999555
999999999
999999555
999999999
999999555
999999999
999999555
999999999
999999555
999999999
999999555
999999999
999999555
999999999
999999555
999999999
999999555
999999999
999999555
999999999
999999555
999999999
999999555
999999999
999999555
999999999
999999555
999999999
999999555
999999999
999999555
999999999
999999555
999999999
999999555
999999999
999999555
999999999
999999555
999999999
999999555
999999999
999999555
999999999
999999555
999999999
999999559
999999999
999999559
999999999
999999559
999999999
999999559
999999999
999999595
999999999
999999595
999999999
999999595
999999999
999999595
999999999
999999595
999999999
999999595
999999999
999999595
999999999
999999595
999999999
999999595
999999999
999999595
999999999
999999595
999999999
999999595
999999999
999999595
999999999
999999595
999999999
999999595
999999999
999999595
999999999
999999595
999999999
999999595
999999999
999999595
999999999
999999595
999999999
999999595
999999999
999999595
999999999
999999595
999999999
999999595
999999999
999999595
999999999
999999595
999999999
999999595
999999999
999999595
999999999
999999595
999999999
999999595
999999999
999999595
999999999
999999595
999999999
999999595
999999999
999999595
999999999
999999595
999999999
999999595
999999999
999999599
999999999
999999599
999999999
999999599
999999999
999999599
999999999
999999666
999999999
999999666
999999999
999999666
999999999
999999666
999999999
999999666
999999999
999999666
999999999
999999666
999999999
999999666
999999999
999999666
999999999
999999666
999999999
999999666
999999999
999999666
999999999
999999666
999999999
999999666
999999999
999999666
999999999
999999666
999999999
999999666
999999999
999999666
999999999
999999666
999999999
999999666
999999999
999999666
999999999
999999666
999999999
999999666
999999999
999999666
999999999
999999666
999999999
999999666
999999999
999999666
999999999
999999666
999999999
999999666
999999999
999999666
999999999
999999666
999999999
999999666
999999999
999999666
999999999
999999666
999999999
999999666
999999999
999999666
999999999
999999666
999999999
999999666
999999999
999999666
999999999
999999666
999999999
999999666
999999999
999999666
999999999
999999666
999999999
999999666
999999999
999999666
999999999
999999666
999999999
999999666
999999999
999999666
999999999
999999666
999999999
999999666
999999999
999999666
999999999
999999666
999999999
999999666
999999999
999999666
999999999
999999666
999999999
999999666
999999999
999999666
999999999
999999666
999999999
999999666
999999999
999999666
999999999
999999666
999999999
999999666
999999999
999999666
999999999
999999666
999999999
999999666
999999999
999999666
999999999
999999666
999999999
999999669
999999999
999999669
999999999
999999669
999999999
999999696
999999999
999999696
999999999
999999696
999999999
999999696
999999999
999999696
999999999
999999696
999999999
999999696
999999999
999999696
999999999
999999696
999999999
999999696
999999999
999999696
999999999
999999696
999999999
999999696
999999999
999999696
999999999
999999696
999999999
999999696
999999999
999999696
999999999
999999696
999999999
999999696
999999999
999999696
999999999
999999696
999999999
999999696
999999999
999999696
999999999
999999696
999999999
999999696
999999999
999999696
999999999
999999696
999999999
999999699
999999999
999999699
999999999
999999699
999999999
999999777
999999999
999999777
999999999
999999777
999999999
999999777
999999999
999999777
999999999
999999777
999999999
999999777
999999999
999999777
999999999
999999777
999999999
999999777
999999999
999999777
999999999
999999777
999999999
999999777
999999999
999999777
999999999
999999777
999999999
999999777
999999999
999999777
999999999
999999777
999999999
999999777
999999999
999999777
999999999
999999777
999999999
999999777
999999999
999999777
999999999
999999777
999999999
999999777
999999999
999999777
999999999
999999777
999999999
999999777
999999999
999999777
999999999
999999777
999999999
999999777
999999999
999999777
999999999
999999777
999999999
999999777
999999999
999999777
999999999
999999777
999999999
999999777
999999999
999999777
999999999
999999777
999999999
999999777
999999999
999999777
999999999
999999777
999999999
999999777
999999999
999999777
999999999
999999777
999999999
999999777
999999999
999999777
999999999
999999777
999999999
999999777
999999999
999999777
999999999
999999777
999999999
999999777
999999999
999999777
999999999
999999777
999999999
999999777
999999999
999999777
999999999
999999777
999999999
999999777
999999999
999999777
999999999
999999777
999999999
999999777
999999999
999999777
999999999
999999777
999999999
999999777
999999999
999999777
999999999
999999777
999999999
999999777
999999999
999999777
999999999
999999777
999999999
999999777
999999999
999999777
999999999
999999777
999999999
999999777
999999999
999999777
999999999
999999777
999999999
999999777
999999999
999999777
999999999
999999777
999999999
999999779
999999999
999999779
999999999
999999797
999999999
999999797
999999999
999999797
999999999
999999797
999999999
999999797
999999999
999999797
999999999
999999797
999999999
999999797
999999999
999999797
999999999
999999797
999999999
999999797
999999999
999999797
999999999
999999797
999999999
999999797
999999999
999999797
999999999
999999797
999999999
999999797
999999999
999999797
999999999
999999799
999999999
999999799
999999999
999999888
999999999
999999888
999999999
999999888
999999999
999999888
999999999
999999888
999999999
999999888
999999999
999999888
999999999
999999888
999999999
999999888
999999999
999999888
999999999
999999888
999999999
999999888
999999999
999999888
999999999
999999888
999999999
999999888
999999999
999999888
999999999
999999888
999999999
999999888
999999999
999999888
999999999
999999888
999999999
